1111111111111111111111111111111111111111
1000000000000000000000000000000000000001
1011110111101111011111111110111111111001
1011110111101111011111111110111111111001
1000000000000000000000000000000000000001
1011110111101111000110001110111011111001
1011110111101110001110001110111011111001
1000000000000000011110000000000011111001
1011110111100011111110001110111011111001
1011110111000111111110001110111011111001
1000000000000000000000000000000000000001
1100001111101111011110001111011110111001
1110011111101111011100000111011110111001
1110001111101111011000000011011110111001
1110000000000000000001110000000000111001
1100011111111111000011111000011111111001
1000111111111111000111111100011111111001
1000011110000000001111111110000000000001
1100000000000000001111111110000000000001
1110001110000000001111111110000000000001
1110011111111111000111111100011111111001
1110001111111111000011111000011111111001
1100000000000000000001110000000000111001
1000011111101111011000000011111110111001
1000011111101111011100000111111110111001
1000011111101111011110001111111110111001
1100001111100000011110001111111110000001
1110000111101111011110001111111100000001
1111000011101111011110001111111000111001
1011100000000000000000001111110010111001
1001110001111111111110001111100110111001
1000111000000000000000000000001110011001
1100011000111111111100001110111110011001
1110000001111111111110001110111110011001
1111000001111111111110001010101010011001
1011100000111111111100001P10101010011001
1001111000000000000000000000000000000001
1000111001111111111110001010101010011001
1100000000000000000000001010101010011001
1111111111111111111111111111111111111111